%            DOF       Work Units       Drag-Error
%     Lift-Error     1.280000e+04     1.105211e+01     4.024755e-05     1.663739e-13
    1.662500e+04     3.382358e+01     7.292470e-07     1.880102e-06
    2.167500e+04     6.864092e+01     3.282801e-08     1.945126e-07
    2.822500e+04     1.139352e+02     3.830159e-07     5.910941e-09
    3.677500e+04     1.839769e+02     2.219751e-07     1.468511e-07
    4.815000e+04     2.995825e+02     9.623433e-08     1.291275e-07
    6.280000e+04     4.796600e+02     2.051658e-07     5.651976e-08
    8.177500e+04     6.792384e+02     7.091724e-07     1.984994e-07
    1.066500e+05     1.000260e+03     1.593776e-06     3.242074e-07
    1.388000e+05     1.473465e+03     2.985620e-06     4.089165e-07
    1.806750e+05     2.455888e+03     4.874307e-06     4.958960e-07
