Delivered data for the bump from LiU

3rd order (42)
      h                Error                     WU
3.46479E-02      3.2927883007980823E-04      1.00000E+00
1.76749E-02      3.6296477325273667E-05      7.68547E+00
8.92822E-03      6.6058412870680835E-06      3.01200E+01
4.48719E-03      1.4711154904806377E-06      1.19244E+02
2.24942E-03      2.9807859945175521E-07      4.74509E+02
1.12617E-03      5.6471277985842512E-08      1.89311E+03
5.63452E-04      1.0333809452080958E-08      7.56261E+03

4th order (63)
      h                Error                     WU
3.46479E-02      2.4063542176027593E-04      1.14000E+00
1.76749E-02      1.3860644808463766E-05      8.76144E+00
8.92822E-03      2.0685769579751828E-06      3.43369E+01
4.48719E-03      2.5262794959277793E-07      1.35938E+02
2.24942E-03      2.6178502952498613E-08      5.40940E+02
1.12617E-03      2.5032054288946760E-09      2.15815E+03
5.63452E-04      2.3011728191326778E-10      8.62137E+03

5th order (84)
      h                Error                     WU
3.46479E-02      2.4406290463111228E-04      2.56000E+00
1.76749E-02      6.7865785527238334E-06      1.96748E+01
8.92822E-03      5.8918703191605721E-07      7.71073E+01
4.48719E-03      3.8400338706563070E-08      3.05264E+02
2.24942E-03      2.0276393459320495E-09      1.21474E+03
1.12617E-03      9.7212895883990747E-11      4.84637E+03

